e5977.dsce9.akamaiedge.net,e1864.dscd.akamaiedge.net,0.77
trouter2-azsc-usce-2-b.cloudapp.net,trouter2-uswc-0-b.cloudapp.net,0.77
e7178.f.akamaiedge.net,e8960.b.akamaiedge.net,0.77
e16841.dsca.akamaiedge.net,e4518.dscx.akamaiedge.net,0.77
e1329.g.akamaiedge.net,e8091.a.akamaiedge.net,0.77
a1744.dscg2.akamai.net,a1863.dscb.akamai.net,0.77
e27063.dscb.akamaiedge.net,e4518.dscx.akamaiedge.net,0.77
e11356.g.akamaiedge.net,e19254.dscg.akamaiedge.net,0.77
e27063.dscb.akamaiedge.net,e16126.dscg.akamaiedge.net,0.77
e27063.dscb.akamaiedge.net,e4117.dscg.akamaiedge.net,0.77
e27063.dscb.akamaiedge.net,e12767.d.akamaiedge.net,0.77
e1329.g.akamaiedge.net,e8960.b.akamaiedge.net,0.77
e27063.dscb.akamaiedge.net,e14868.dsce9.akamaiedge.net,0.78
e28142.dscg.akamaiedge.net,e9478.dscx.akamaiedge.net,0.77
e16126.dscg.akamaiedge.net,e14868.dsce9.akamaiedge.net,0.78
e4728.x.akamaiedge.net,e8960.b.akamaiedge.net,0.77
e7178.f.akamaiedge.net,e1329.g.akamaiedge.net,0.77
e16841.dsca.akamaiedge.net,e9478.dscx.akamaiedge.net,0.77
a1333.r.akamai.net,a1947.z.akamai.net,0.78
e4728.x.akamaiedge.net,e12767.d.akamaiedge.net,0.78
e9858.dscx.akamaiedge.net,e27063.dscb.akamaiedge.net,0.77
e13646.a.akamaiedge.net,e12767.d.akamaiedge.net,0.78
rain.colorado.edu,amath.colorado.edu,0.78
e607.d.akamaiedge.net,e9533.l.akamaiedge.net,0.77
e607.d.akamaiedge.net,e13646.a.akamaiedge.net,0.78
d3176133.iavs9x.u.avast.com,r9319236.iavs9x.u.avast.com,0.78
e10087.b.akamaiedge.net,e1329.g.akamaiedge.net,0.78
www.wip.ncbi.nlm.nih.gov,eutils.wip.ncbi.nlm.nih.gov,0.78
e16841.dsca.akamaiedge.net,e13646.a.akamaiedge.net,0.77
e12358.g.akamaiedge.net,e9533.l.akamaiedge.net,0.78
oit.colorado.edu,amath.colorado.edu,0.78
e1329.g.akamaiedge.net,e9533.l.akamaiedge.net,0.77
e13646.a.akamaiedge.net,e12358.g.akamaiedge.net,0.78
e607.d.akamaiedge.net,e4728.x.akamaiedge.net,0.77
otis.colorado.edu,eefus.colorado.edu,0.78
e12767.d.akamaiedge.net,e11356.g.akamaiedge.net,0.78
a1737.b.akamai.net,a248.b.akamai.net,0.78
eefus.colorado.edu,emm.colorado.edu,0.78
e13646.a.akamaiedge.net,e10087.b.akamaiedge.net,0.78
a1051.b.akamai.net,a1962.z.akamai.net,0.78
wdatp-prd-weu-6.westeurope.cloudapp.azure.com,wdatp-prd-eus2-6.eastus2.cloudapp.azure.com,0.78
a1737.b.akamai.net,a1962.z.akamai.net,0.78
b7210692.iavs9x.u.avast.com,y9830512.iavs9x.u.avast.com,0.78
e10198.b.akamaiedge.net,e13646.a.akamaiedge.net,0.78
e10198.b.akamaiedge.net,e12767.d.akamaiedge.net,0.78
e7178.f.akamaiedge.net,e12767.d.akamaiedge.net,0.78
india.colorado.edu,rain.colorado.edu,0.78
e7178.f.akamaiedge.net,e10087.b.akamaiedge.net,0.78
e10198.b.akamaiedge.net,e607.d.akamaiedge.net,0.78
a1737.b.akamai.net,a1991.d.akamai.net,0.78
e8652.dscx.akamaiedge.net,e14868.dsce9.akamaiedge.net,0.78
e12767.d.akamaiedge.net,e1329.g.akamaiedge.net,0.78
e10087.b.akamaiedge.net,e8091.a.akamaiedge.net,0.78
e13646.a.akamaiedge.net,e1597.x.akamaiedge.net,0.78
e7178.f.akamaiedge.net,e12358.g.akamaiedge.net,0.78
e7178.f.akamaiedge.net,e11356.g.akamaiedge.net,0.78
e13646.a.akamaiedge.net,e12322.b.akamaiedge.net,0.78
a1333.r.akamai.net,a1991.d.akamai.net,0.78
e12322.b.akamaiedge.net,e1597.x.akamaiedge.net,0.78
e9478.dscx.akamaiedge.net,e6913.dscx.akamaiedge.net,0.84
e4728.x.akamaiedge.net,e12322.b.akamaiedge.net,0.78
e8652.dscx.akamaiedge.net,e6913.dscx.akamaiedge.net,0.84
e607.d.akamaiedge.net,e8091.a.akamaiedge.net,0.82
e10087.b.akamaiedge.net,e12358.g.akamaiedge.net,0.78
e8091.a.akamaiedge.net,e8960.b.akamaiedge.net,0.82
e4518.dscapi7.akamaiedge.net,e4117.dscg.akamaiedge.net,0.79
e16126.dscg.akamaiedge.net,e28142.dscg.akamaiedge.net,0.85
e4728.x.akamaiedge.net,e4518.dscx.akamaiedge.net,0.8
e9858.dscx.akamaiedge.net,e9478.dscx.akamaiedge.net,0.92
e16841.dsca.akamaiedge.net,e19254.dscg.akamaiedge.net,0.81
e19254.dscg.akamaiedge.net,e1864.dscd.akamaiedge.net,0.85
e10198.b.akamaiedge.net,e10087.b.akamaiedge.net,0.87
e14488.dscw.akamaiedge.net,e19254.dscg.akamaiedge.net,0.81
e27063.dscb.akamaiedge.net,e28142.dscg.akamaiedge.net,0.81
e10198.b.akamaiedge.net,e1329.g.akamaiedge.net,0.83
e13646.a.akamaiedge.net,e1329.g.akamaiedge.net,0.83
e4728.x.akamaiedge.net,e7178.f.akamaiedge.net,0.82
e19254.dscg.akamaiedge.net,e4117.dscg.akamaiedge.net,0.81
e10087.b.akamaiedge.net,e11356.g.akamaiedge.net,0.78
otis.colorado.edu,india.colorado.edu,0.78
e14488.dscw.akamaiedge.net,e1864.dscd.akamaiedge.net,0.81
e16841.dsca.akamaiedge.net,e8652.dscx.akamaiedge.net,0.81
onedscolprdwus11.westus.cloudapp.azure.com,onedscolprduks00.uksouth.cloudapp.azure.com,0.79
e16841.dsca.akamaiedge.net,e1864.dscd.akamaiedge.net,0.85
e13646.a.akamaiedge.net,e11356.g.akamaiedge.net,0.83
e19254.dscg.akamaiedge.net,e14868.dsce9.akamaiedge.net,0.78
e9858.dscx.akamaiedge.net,e28142.dscg.akamaiedge.net,0.81
e12767.d.akamaiedge.net,e12358.g.akamaiedge.net,0.83
e12322.b.akamaiedge.net,e11356.g.akamaiedge.net,0.83
a1947.z.akamai.net,a248.b.akamai.net,0.78
e12322.b.akamaiedge.net,e8960.b.akamaiedge.net,0.78
e607.d.akamaiedge.net,e7178.f.akamaiedge.net,0.82
a1991.d.akamai.net,a1962.z.akamai.net,0.83
a1961.g2.akamai.net,a1962.z.akamai.net,0.84
e1597.x.akamaiedge.net,e11356.g.akamaiedge.net,0.78
e5977.dsce9.akamaiedge.net,e14868.dsce9.akamaiedge.net,0.81
rain.colorado.edu,oit.colorado.edu,0.82
ns-1419.awsdns-49.org,ns-1210.awsdns-23.org,0.81
phet.colorado.edu,amath.colorado.edu,0.78
e607.d.akamaiedge.net,e1597.x.akamaiedge.net,0.82
e9858.dscx.akamaiedge.net,e14868.dsce9.akamaiedge.net,0.81
e10198.b.akamaiedge.net,e1597.x.akamaiedge.net,0.83
netdrms02.nispdc.nso.edu,netdrms01.nispdc.nso.edu,0.96
india.colorado.edu,oit.colorado.edu,0.78
e12767.d.akamaiedge.net,e10087.b.akamaiedge.net,0.83
a1737.b.akamai.net,a1333.r.akamai.net,0.83
mx.colorado.edu,colorado.edu,0.8
e10087.b.akamaiedge.net,e8960.b.akamaiedge.net,0.78
smtp.gtm.colorado.edu,www.gtm.colorado.edu,0.81
a1991.d.akamai.net,a1996.dscd.akamai.net,0.81
e16841.dsca.akamaiedge.net,e6913.dscx.akamaiedge.net,0.81
p54-buy-lb.itunes-apple.com.akadns.net,p18-buy-lb.itunes-apple.com.akadns.net,0.95
e4518.dscx.akamaiedge.net,e8652.dscx.akamaiedge.net,0.84
a1051.b.akamai.net,a1961.g2.akamai.net,0.79
e607.d.akamaiedge.net,e12767.d.akamaiedge.net,0.83
otis.colorado.edu,rain.colorado.edu,0.82
www.gtm.colorado.edu,www.cs.colorado.edu,0.85
e8652.dscx.akamaiedge.net,e4117.dscg.akamaiedge.net,0.8
a1051.b.akamai.net,a1441.g4.akamai.net,0.79
onedscolprdwus11.westus.cloudapp.azure.com,onedscolprdcus01.centralus.cloudapp.azure.com,0.84
e607.d.akamaiedge.net,e8960.b.akamaiedge.net,0.82
e4728.x.akamaiedge.net,e1597.x.akamaiedge.net,0.82
e1597.x.akamaiedge.net,e12358.g.akamaiedge.net,0.78
e10198.b.akamaiedge.net,e12358.g.akamaiedge.net,0.83
mx.colorado.edu,oit.colorado.edu,0.81
e10198.b.akamaiedge.net,e7178.f.akamaiedge.net,0.83
e12767.d.akamaiedge.net,e1597.x.akamaiedge.net,0.83
e16126.dscg.akamaiedge.net,e6913.dscx.akamaiedge.net,0.81
p54-buy-lb.itunes-apple.com.akadns.net,buy.itunes-apple.com.akadns.net,0.82
a1991.d.akamai.net,a1961.g2.akamai.net,0.84
e1597.x.akamaiedge.net,e8091.a.akamaiedge.net,0.82
la4-c1-ph2.ph2.r.salesforceliveagent.com,la1-c1-ia2.ia2.r.salesforceliveagent.com,0.88
e8652.dscx.akamaiedge.net,e1864.dscd.akamaiedge.net,0.84
e4728.x.akamaiedge.net,e10087.b.akamaiedge.net,0.78
cma.itunes-apple.com.akadns.net,buy.itunes-apple.com.akadns.net,0.9
e27063.dscb.akamaiedge.net,e1864.dscd.akamaiedge.net,0.81
e4728.x.akamaiedge.net,e1329.g.akamaiedge.net,0.82
a1051.b.akamai.net,a1991.d.akamai.net,0.83
e14488.dscw.akamaiedge.net,e4117.dscg.akamaiedge.net,0.81
e19254.dscg.akamaiedge.net,e6913.dscx.akamaiedge.net,0.81
e28142.dscg.akamaiedge.net,e6913.dscx.akamaiedge.net,0.81
e5977.dsce9.akamaiedge.net,e4117.dscg.akamaiedge.net,0.81
e9478.dscx.akamaiedge.net,e8652.dscx.akamaiedge.net,0.84
e8652.dscx.akamaiedge.net,e19254.dscg.akamaiedge.net,0.81
a1051.b.akamai.net,a1737.b.akamai.net,0.83
a1947.z.akamai.net,a1962.z.akamai.net,0.89
e1597.x.akamaiedge.net,e1329.g.akamaiedge.net,0.82
ods-incidents-prod.westus.cloudapp.azure.com,ods-entitlement-prod.westus.cloudapp.azure.com,0.85
e16126.dscg.akamaiedge.net,e14488.dscw.akamaiedge.net,0.81
e4728.x.akamaiedge.net,e12358.g.akamaiedge.net,0.78
a1991.d.akamai.net,a1441.g4.akamai.net,0.79
e9858.dscx.akamaiedge.net,e4117.dscg.akamaiedge.net,0.8
trouter2-azsc-usce-2-b.cloudapp.net,trouter2-azsc-uswe-1-a.cloudapp.net,0.91
mail99.atl51.rsgsv.net,mail117.atl51.rsgsv.net,0.87
mx.colorado.edu,amath.colorado.edu,0.78
e4117.dscg.akamaiedge.net,e14868.dsce9.akamaiedge.net,0.78
e1597.x.akamaiedge.net,e10087.b.akamaiedge.net,0.83
e1597.x.akamaiedge.net,e9533.l.akamaiedge.net,0.82
e12358.g.akamaiedge.net,e11356.g.akamaiedge.net,0.91
a1947.z.akamai.net,a1991.d.akamai.net,0.83
pdns168.ultradns.com,pdns168.ultradns.biz,0.85
a1051.b.akamai.net,a248.b.akamai.net,0.78
e9478.dscx.akamaiedge.net,e19254.dscg.akamaiedge.net,0.81
otis.colorado.edu,oit.colorado.edu,0.88
e16841.dsca.akamaiedge.net,e28142.dscg.akamaiedge.net,0.81
e1864.dscd.akamaiedge.net,e6913.dscx.akamaiedge.net,0.8
e1864.dscd.akamaiedge.net,e4117.dscg.akamaiedge.net,0.8
e4728.x.akamaiedge.net,e9478.dscx.akamaiedge.net,0.8
e10198.b.akamaiedge.net,e12322.b.akamaiedge.net,0.83
e11356.g.akamaiedge.net,e9533.l.akamaiedge.net,0.78
a1051.b.akamai.net,a1947.z.akamai.net,0.78
fmfmobile.fe.apple-dns.net,fmipmobile.fe.apple-dns.net,0.93
utcnist.colorado.edu,otis.colorado.edu,0.8
e4518.dscx.akamaiedge.net,e6913.dscx.akamaiedge.net,0.88
e16126.dscg.akamaiedge.net,e8652.dscx.akamaiedge.net,0.85
e9858.dscx.akamaiedge.net,e16841.dsca.akamaiedge.net,0.81
utcnist.colorado.edu,utcnist2.colorado.edu,0.95
e16126.dscg.akamaiedge.net,e19254.dscg.akamaiedge.net,0.85
e10198.b.akamaiedge.net,e8091.a.akamaiedge.net,0.83
mx.colorado.edu,emm.colorado.edu,0.88
e9858.dscx.akamaiedge.net,e6913.dscx.akamaiedge.net,0.84
a1947.z.akamai.net,a1441.g4.akamai.net,0.79
e14488.dscw.akamaiedge.net,e14868.dsce9.akamaiedge.net,0.85
la4-c1-ph2.ph2.r.salesforceliveagent.com,la1-c2-lo3.lo3.r.salesforceliveagent.com,0.8
e10198.b.akamaiedge.net,e4728.x.akamaiedge.net,0.78
a1737.b.akamai.net,a1947.z.akamai.net,0.83
e12767.d.akamaiedge.net,e8960.b.akamaiedge.net,0.78
e10198.b.akamaiedge.net,e11356.g.akamaiedge.net,0.78
oit.colorado.edu,emm.colorado.edu,0.81
la1-c2-lo3.lo3.r.salesforceliveagent.com,la5-c2-ia5.ia5.r.salesforceliveagent.com,0.82
la1-c1-ia2.ia2.r.salesforceliveagent.com,la1-c2-lo3.lo3.r.salesforceliveagent.com,0.82
e16126.dscg.akamaiedge.net,e1864.dscd.akamaiedge.net,0.81
e4518.dscx.akamaiedge.net,e28142.dscg.akamaiedge.net,0.81
amath.colorado.edu,emm.colorado.edu,0.78
e9478.dscx.akamaiedge.net,e14868.dsce9.akamaiedge.net,0.81
e9858.dscx.akamaiedge.net,e1864.dscd.akamaiedge.net,0.84
la4-c1-ph2.ph2.r.salesforceliveagent.com,la5-c2-ia5.ia5.r.salesforceliveagent.com,0.8
e4518.dscx.akamaiedge.net,e9478.dscx.akamaiedge.net,0.88
e1864.dscd.akamaiedge.net,e14868.dsce9.akamaiedge.net,0.85
e12322.b.akamaiedge.net,e12358.g.akamaiedge.net,0.87
e5977.dsce9.akamaiedge.net,e6913.dscx.akamaiedge.net,0.81
e2c50.gcp.gvt2.com,e2c5.gcp.gvt2.com,0.94
e9858.dscx.akamaiedge.net,e4518.dscx.akamaiedge.net,0.88
wd-prod-ss-us-east-1-fe.eastus.cloudapp.azure.com,wd-prod-cp-us-east-3-fe.eastus.cloudapp.azure.com,0.94
a1333.r.akamai.net,a1962.z.akamai.net,0.78
e10198.b.akamaiedge.net,e8960.b.akamaiedge.net,0.78
p18-buy-lb.itunes-apple.com.akadns.net,buy.itunes-apple.com.akadns.net,0.82
e13646.a.akamaiedge.net,e8091.a.akamaiedge.net,0.78
a1947.z.akamai.net,a1961.g2.akamai.net,0.79
e4518.dscapi7.akamaiedge.net,e4518.dscx.akamaiedge.net,0.86
phet.colorado.edu,pager2.colorado.edu,0.79
e4117.dscg.akamaiedge.net,e6913.dscx.akamaiedge.net,0.84
e16126.dscg.akamaiedge.net,e4117.dscg.akamaiedge.net,0.85
e4518.dscx.akamaiedge.net,e14868.dsce9.akamaiedge.net,0.81
mdns7.hostwindsdns.com,mdns8.hostwindsdns.com,0.95
e9478.dscx.akamaiedge.net,e4117.dscg.akamaiedge.net,0.8
la1-c1-ia2.ia2.r.salesforceliveagent.com,la5-c2-ia5.ia5.r.salesforceliveagent.com,0.9
a1961.g2.akamai.net,a1441.g4.akamai.net,0.84
e16841.dsca.akamaiedge.net,e16126.dscg.akamaiedge.net,0.85
lasp.colorado.edu,amath.colorado.edu,0.78
e28142.dscg.akamaiedge.net,e4117.dscg.akamaiedge.net,0.85
e12322.b.akamaiedge.net,e9533.l.akamaiedge.net,0.78
e9858.dscx.akamaiedge.net,e19254.dscg.akamaiedge.net,0.85
e9858.dscx.akamaiedge.net,e8652.dscx.akamaiedge.net,0.88
e27063.dscb.akamaiedge.net,e6913.dscx.akamaiedge.net,0.81
e4518.dscx.akamaiedge.net,e4117.dscg.akamaiedge.net,0.88
e12767.d.akamaiedge.net,e12322.b.akamaiedge.net,0.83
ns3-16-us-east-1.ec2-rdns.amazonaws.com,ns4-24-us-east-1.ec2-rdns.amazonaws.com,0.92
e607.d.akamaiedge.net,e10087.b.akamaiedge.net,0.83
e5977.dsce9.akamaiedge.net,e9478.dscx.akamaiedge.net,0.81
e16126.dscg.akamaiedge.net,e4518.dscx.akamaiedge.net,0.81
e9478.dscx.akamaiedge.net,e1864.dscd.akamaiedge.net,0.8
phet.colorado.edu,oit.colorado.edu,0.82
e9858.dscx.akamaiedge.net,e14488.dscw.akamaiedge.net,0.81
e16841.dsca.akamaiedge.net,e14868.dsce9.akamaiedge.net,0.81
e1329.g.akamaiedge.net,e12358.g.akamaiedge.net,0.87
e12322.b.akamaiedge.net,e1329.g.akamaiedge.net,0.87
e4518.dscx.akamaiedge.net,e1864.dscd.akamaiedge.net,0.8
e13646.a.akamaiedge.net,e8960.b.akamaiedge.net,0.78
e4518.dscx.akamaiedge.net,e14488.dscw.akamaiedge.net,0.85
e28142.dscg.akamaiedge.net,e8652.dscx.akamaiedge.net,0.85
e28142.dscg.akamaiedge.net,e19254.dscg.akamaiedge.net,0.81
lasp.colorado.edu,rain.colorado.edu,0.82
e12322.b.akamaiedge.net,e10087.b.akamaiedge.net,0.83
e9478.dscx.akamaiedge.net,e14488.dscw.akamaiedge.net,0.85
e28142.dscg.akamaiedge.net,e1864.dscd.akamaiedge.net,0.85
a1051.b.akamai.net,a1333.r.akamai.net,0.78
a1863.dscb.akamai.net,a1996.dscd.akamai.net,0.81
e1329.g.akamaiedge.net,e11356.g.akamaiedge.net,0.87
e16841.dsca.akamaiedge.net,e14488.dscw.akamaiedge.net,0.81
e5048.dsca.akamaiedge.net,e1875.dscg.akamaiedge.net,0.8
e6858.dscx.akamaiedge.net,e9659.dspg.akamaiedge.net,0.8
e12930.dscj.akamaiedge.net,e27504.dsca.akamaiedge.net,0.81
a1488.dscd.akamai.net,a1363.dscg.akamai.net,0.81
a1488.dscd.akamai.net,a1911.dscq.akamai.net,0.81
a2047.dscb.akamai.net,a2047.mm2.akamai.net,0.81
e12930.dscj.akamaiedge.net,e14245.dscb.akamaiedge.net,0.81
e4350.dscd.akamaiedge.net,e7876.dscg.akamaiedge.net,0.8
e5048.dsca.akamaiedge.net,e11720.dsca.akamaiedge.net,0.81
qtl.colorado.edu,cs.colorado.edu,0.81
e78038.dsca.akamaiedge.net,e7695.dscg.akamaiedge.net,0.81
a1363.dscg.akamai.net,a122.dscg3.akamai.net,0.81
e7876.dscg.akamaiedge.net,e13678.dscb.akamaiedge.net,0.81
e17513.dscd.akamaiedge.net,e12930.dscj.akamaiedge.net,0.81
a1488.dscd.akamai.net,a1993.dscq.akamai.net,0.81
e27504.dsca.akamaiedge.net,e7695.dscg.akamaiedge.net,0.81
e13678.dscb.akamaiedge.net,e78038.dsca.akamaiedge.net,0.81
e4350.dscd.akamaiedge.net,e7695.dscg.akamaiedge.net,0.8
e4350.dscd.akamaiedge.net,e11720.dsca.akamaiedge.net,0.81
a1911.dscq.akamai.net,a1363.dscg.akamai.net,0.81
a1956.dscb.akamai.net,a2047.dscb.akamai.net,0.81
e5048.dsca.akamaiedge.net,e11076.dscf.akamaiedge.net,0.81
e4350.dscd.akamaiedge.net,e14245.dscb.akamaiedge.net,0.81
e4350.dscd.akamaiedge.net,e12930.dscj.akamaiedge.net,0.81
e11720.dsca.akamaiedge.net,e14245.dscb.akamaiedge.net,0.81
e7876.dscg.akamaiedge.net,e27504.dsca.akamaiedge.net,0.81
e12930.dscj.akamaiedge.net,e7695.dscg.akamaiedge.net,0.81
e17513.dscd.akamaiedge.net,e13678.dscb.akamaiedge.net,0.81
e7876.dscg.akamaiedge.net,e11720.dsca.akamaiedge.net,0.81
a2047.mm3.akamai.net,a2047.dscb.akamai.net,0.81
e13678.dscb.akamaiedge.net,e7695.dscg.akamaiedge.net,0.81
e12930.dscj.akamaiedge.net,e13678.dscb.akamaiedge.net,0.81
a1956.dscb.akamai.net,a1488.dscd.akamai.net,0.81
e17513.dscd.akamaiedge.net,e7695.dscg.akamaiedge.net,0.81
e751.dscx.akamaiedge.net,e78038.dsca.akamaiedge.net,0.81
e27504.dsca.akamaiedge.net,e1875.dscg.akamaiedge.net,0.81
e11720.dsca.akamaiedge.net,e10770.a.akamaiedge.net,0.81
e5048.dsca.akamaiedge.net,e13678.dscb.akamaiedge.net,0.81
e17513.dscd.akamaiedge.net,e11076.dscf.akamaiedge.net,0.81
e17513.dscd.akamaiedge.net,e6858.dscx.akamaiedge.net,0.81
a1956.dscb.akamai.net,a1887.dscq.akamai.net,0.81
e116479.dscb.akamaiedge.net,e11720.dsca.akamaiedge.net,0.81
e17513.dscd.akamaiedge.net,e11720.dsca.akamaiedge.net,0.81
a1956.dscb.akamai.net,a1363.dscg.akamai.net,0.81
e116479.dscb.akamaiedge.net,e1875.dscg.akamaiedge.net,0.81
e27504.dsca.akamaiedge.net,e6858.dscx.akamaiedge.net,0.81
e17513.dscd.akamaiedge.net,e14245.dscb.akamaiedge.net,0.81
e17513.dscd.akamaiedge.net,e78038.dsca.akamaiedge.net,0.81
e751.dscx.akamaiedge.net,e11720.dsca.akamaiedge.net,0.81
e1875.dscg.akamaiedge.net,e78038.dsca.akamaiedge.net,0.81
e10856.b.akamaiedge.net,e13136.d.akamaiedge.net,0.83
e12930.dscj.akamaiedge.net,e1875.dscg.akamaiedge.net,0.81
a1851.dscg2.akamai.net,a1916.dscg2.akamai.net,0.86
e1875.g.akamaiedge.net,e10770.a.akamaiedge.net,0.83
a1851.dscg2.akamai.net,a1956.dscb.akamai.net,0.82
a1993.dscq.akamai.net,a1911.dscq.akamai.net,0.9
e10370.g.akamaiedge.net,e12370.g.akamaiedge.net,0.96
2.sourcefire.pool.ntp.org,1.sourcefire.pool.ntp.org,0.96
e5816.x.akamaiedge.net,e118161.a.akamaiedge.net,0.83
e13678.dscb.akamaiedge.net,e11720.dsca.akamaiedge.net,0.81
ihsu-eastus2-5.eastus2.cloudapp.azure.com,ihsu-eastus-1.eastus.cloudapp.azure.com,0.93
e1875.g.akamaiedge.net,e1875.dscg.akamaiedge.net,0.88
la1-c1-ia5.ia5.r.salesforceliveagent.com,la3-c1-ph2.ph2.r.salesforceliveagent.com,0.82
e27504.dsca.akamaiedge.net,e78038.dsca.akamaiedge.net,0.85
e11076.dscf.akamaiedge.net,e11720.dsca.akamaiedge.net,0.85
e1875.dscg.akamaiedge.net,e11076.dscf.akamaiedge.net,0.85
e5816.x.akamaiedge.net,e802.g.akamaiedge.net,0.82
la1-c1-ia5.ia5.r.salesforceliveagent.com,la4-c1-ia4.ia4.r.salesforceliveagent.com,0.92
e4350.dscd.akamaiedge.net,e13678.dscb.akamaiedge.net,0.81
onedscolprdeus14.eastus.cloudapp.azure.com,onedscolprdwus12.westus.cloudapp.azure.com,0.9
e11408.d.akamaiedge.net,e7100.g.akamaiedge.net,0.83
e11408.d.akamaiedge.net,e12841.d.akamaiedge.net,0.83
blob.sn4prdstr28a.store.core.windows.net,blob.mnz22prdstr06a.store.core.windows.net,0.86
e19274.x.akamaiedge.net,e12841.d.akamaiedge.net,0.83
qtl.colorado.edu,quad.colorado.edu,0.82
e11076.dscf.akamaiedge.net,e14245.dscb.akamaiedge.net,0.81
e6603.g.akamaiedge.net,e802.g.akamaiedge.net,0.86
ns4.salesforce.com,ns1.salesforce.com,0.94
e19274.x.akamaiedge.net,e10770.a.akamaiedge.net,0.83
e1875.c.akamaiedge.net,e802.g.akamaiedge.net,0.82
a1887.dscq.akamai.net,a2047.dscb.akamai.net,0.81
blob.bnz10prdstr09a.store.core.windows.net,blob.mnz22prdstr06a.store.core.windows.net,0.9
e10370.g.akamaiedge.net,e6030.a.akamaiedge.net,0.87
e10856.b.akamaiedge.net,e10770.a.akamaiedge.net,0.83
e12370.g.akamaiedge.net,e10414.g.akamaiedge.net,0.83
e5048.dsca.akamaiedge.net,e6858.dscx.akamaiedge.net,0.84
a1993.dscq.akamai.net,a1363.dscg.akamai.net,0.86
e103288.a.akamaiedge.net,e10770.a.akamaiedge.net,0.83
e1875.dscg.akamaiedge.net,e7695.dscg.akamaiedge.net,0.88
a2047.dscw16.akamai.net,a2047.dscb.akamai.net,0.87
e10414.g.akamaiedge.net,e802.g.akamaiedge.net,0.83
e1875.g.akamaiedge.net,e1875.c.akamaiedge.net,0.95
onedscolprdwus12.westus.cloudapp.azure.com,onedscolprdcus05.centralus.cloudapp.azure.com,0.82
e5048.dsca.akamaiedge.net,e14245.dscb.akamaiedge.net,0.81
cwl-mvp.trafficmanager.net,cpq-mvp.trafficmanager.net,0.92
e11720.dsca.akamaiedge.net,e78038.dsca.akamaiedge.net,0.81
a48-246.smtp-out.amazonses.com,a30-112.smtp-out.amazonses.com,0.83
e6603.g.akamaiedge.net,e7100.g.akamaiedge.net,0.86
ns2-24-us-east-1.ec2-rdns.amazonaws.com,ns2-16-us-east-1.ec2-rdns.amazonaws.com,0.95
a1851.dscg2.akamai.net,a1911.dscq.akamai.net,0.82
e1875.dscg.akamaiedge.net,e6858.dscx.akamaiedge.net,0.84
la3-c1-ph2.ph2.r.salesforceliveagent.com,la4-c1-ia4.ia4.r.salesforceliveagent.com,0.82
e6030.a.akamaiedge.net,e7100.g.akamaiedge.net,0.82
e10414.g.akamaiedge.net,e10856.b.akamaiedge.net,0.83
e10370.g.akamaiedge.net,e103288.a.akamaiedge.net,0.83
nepc.colorado.edu,ems.colorado.edu,0.82
e6603.g.akamaiedge.net,e584.g.akamaiedge.net,0.82
e13136.d.akamaiedge.net,e3365.x.akamaiedge.net,0.83
e6030.a.akamaiedge.net,e10770.a.akamaiedge.net,0.87
ns3.riq.net,ns2.riq.net,0.91
e12370.g.akamaiedge.net,e1875.g.akamaiedge.net,0.87
e10856.b.akamaiedge.net,e12841.d.akamaiedge.net,0.83
trouter2-usce-1-b.cloudapp.net,trouter2-uswc-0-a.cloudapp.net,0.87
e10370.g.akamaiedge.net,e10414.g.akamaiedge.net,0.87
e4350.dscd.akamaiedge.net,e17513.dscd.akamaiedge.net,0.85
e10414.g.akamaiedge.net,e1875.g.akamaiedge.net,0.83
e10370.g.akamaiedge.net,e6603.g.akamaiedge.net,0.83
e5816.x.akamaiedge.net,e3365.x.akamaiedge.net,0.82
e5816.x.akamaiedge.net,e584.g.akamaiedge.net,0.86
e5816.x.akamaiedge.net,e13136.d.akamaiedge.net,0.83
e10370.g.akamaiedge.net,e1875.g.akamaiedge.net,0.87
e6603.g.akamaiedge.net,e1875.g.akamaiedge.net,0.82
a1851.dscg2.akamai.net,a1363.dscg.akamai.net,0.82
e10370.g.akamaiedge.net,e10856.b.akamaiedge.net,0.83
a1916.dscg2.akamai.net,a122.dscg3.akamai.net,0.82
e6030.a.akamaiedge.net,e802.g.akamaiedge.net,0.82
e12930.dscj.akamaiedge.net,e11076.dscf.akamaiedge.net,0.81
e5816.x.akamaiedge.net,e10856.b.akamaiedge.net,0.83
e1875.g.akamaiedge.net,e10856.b.akamaiedge.net,0.83
e751.dscx.akamaiedge.net,e1875.dscg.akamaiedge.net,0.84
e5048.dsca.akamaiedge.net,e27504.dsca.akamaiedge.net,0.88
e19274.x.akamaiedge.net,e1875.c.akamaiedge.net,0.83
e7876.dscg.akamaiedge.net,e7695.dscg.akamaiedge.net,0.88
e5816.x.akamaiedge.net,e1875.c.akamaiedge.net,0.82
a1488.dscd.akamai.net,a1887.dscq.akamai.net,0.86
e1875.c.akamaiedge.net,e10770.a.akamaiedge.net,0.83
e6858.dscx.akamaiedge.net,e78038.dsca.akamaiedge.net,0.85
e5048.dsca.akamaiedge.net,e78038.dsca.akamaiedge.net,0.88
e751.dscx.akamaiedge.net,e6858.dscx.akamaiedge.net,0.88
e5816.x.akamaiedge.net,e1875.g.akamaiedge.net,0.82
e35904.f.akamaiedge.net,e584.g.akamaiedge.net,0.83
e13136.d.akamaiedge.net,e12841.d.akamaiedge.net,0.83
e10414.g.akamaiedge.net,e11408.d.akamaiedge.net,0.83
ns-940.awsdns-53.net,ns-984.awsdns-59.net,0.85
ns-4.perimeterx.com,ns-1.perimeterx.com,0.95
e7100.g.akamaiedge.net,e584.g.akamaiedge.net,0.82
e802.g.akamaiedge.net,e7100.g.akamaiedge.net,0.86
e14245.dscb.akamaiedge.net,e7695.dscg.akamaiedge.net,0.81
e10370.g.akamaiedge.net,e1875.c.akamaiedge.net,0.83
a1834.dscg2.akamai.net,a1363.dscg.akamai.net,0.82
e1875.g.akamaiedge.net,e3365.x.akamaiedge.net,0.82
a1851.dscg2.akamai.net,a1887.dscq.akamai.net,0.82
e118161.a.akamaiedge.net,e12841.d.akamaiedge.net,0.83
e1875.dscg.akamaiedge.net,e14245.dscb.akamaiedge.net,0.85
e12930.dscj.akamaiedge.net,e78038.dsca.akamaiedge.net,0.81
e4361.b.akamaiedge.net,e3365.x.akamaiedge.net,0.86
e13678.dscb.akamaiedge.net,e14245.dscb.akamaiedge.net,0.85
trouter2-usce-1-b.cloudapp.net,trouter2-usce-0-b.cloudapp.net,0.97
e10414.g.akamaiedge.net,e10770.a.akamaiedge.net,0.83
e1875.dscg.akamaiedge.net,e11720.dsca.akamaiedge.net,0.85
e6858.dscx.akamaiedge.net,e7695.dscg.akamaiedge.net,0.84
e19274.x.akamaiedge.net,e1875.g.akamaiedge.net,0.83
qtl.colorado.edu,ems.colorado.edu,0.81
e19274.x.akamaiedge.net,e10414.g.akamaiedge.net,0.83
e13678.dscb.akamaiedge.net,e6858.dscx.akamaiedge.net,0.81
e7876.dscg.akamaiedge.net,e751.dscx.akamaiedge.net,0.84
e7876.dscg.akamaiedge.net,e87.dspg.akamaiedge.net,0.88
a1887.dscq.akamai.net,a1834.dscg2.akamai.net,0.82
e7876.dscg.akamaiedge.net,e1875.dscg.akamaiedge.net,0.92
e7876.dscg.akamaiedge.net,e11076.dscf.akamaiedge.net,0.85
e12370.g.akamaiedge.net,e1875.c.akamaiedge.net,0.83
a-0003.dc-msedge.net,l-0003.l-msedge.net,0.85
ns2-24-us-east-1.ec2-rdns.amazonaws.com,ns1-24-us-east-1.ec2-rdns.amazonaws.com,0.97
e10414.g.akamaiedge.net,e12841.d.akamaiedge.net,0.83
a1916.dscg2.akamai.net,a1363.dscg.akamai.net,0.82
e4350.dscd.akamaiedge.net,e6858.dscx.akamaiedge.net,0.84
e10370.g.akamaiedge.net,e802.g.akamaiedge.net,0.83
e11076.dscf.akamaiedge.net,e78038.dsca.akamaiedge.net,0.81
e6030.a.akamaiedge.net,e6603.g.akamaiedge.net,0.86
e12841.d.akamaiedge.net,e584.g.akamaiedge.net,0.83
a1916.dscg2.akamai.net,a1911.dscq.akamai.net,0.86
e10414.g.akamaiedge.net,e7100.g.akamaiedge.net,0.83
e7876.dscg.akamaiedge.net,e6858.dscx.akamaiedge.net,0.84
e6030.a.akamaiedge.net,e103288.a.akamaiedge.net,0.83
e1875.dscg.akamaiedge.net,e1875.c.akamaiedge.net,0.88
e1875.g.akamaiedge.net,e802.g.akamaiedge.net,0.86
e10856.b.akamaiedge.net,e1875.c.akamaiedge.net,0.83
a2047.mm3.akamai.net,a2047.mm2.akamai.net,0.95
e1875.g.akamaiedge.net,e7100.g.akamaiedge.net,0.82
e10370.g.akamaiedge.net,e10770.a.akamaiedge.net,0.91
a1851.dscg2.akamai.net,a1834.dscg2.akamai.net,0.91
ns2-16-us-east-1.ec2-rdns.amazonaws.com,ns1-24-us-east-1.ec2-rdns.amazonaws.com,0.92
a1834.dscg2.akamai.net,a122.dscg3.akamai.net,0.82
a1851.dscg2.akamai.net,a122.dscg3.akamai.net,0.82
e12370.g.akamaiedge.net,e7100.g.akamaiedge.net,0.83
e10370.g.akamaiedge.net,e7100.g.akamaiedge.net,0.87
trouter2-azsc-uswc-0-a.cloudapp.net,trouter2-uswc-0-a.cloudapp.net,0.86
e27504.dsca.akamaiedge.net,e751.dscx.akamaiedge.net,0.85
e7876.dscg.akamaiedge.net,e78038.dsca.akamaiedge.net,0.85
e116479.dscb.akamaiedge.net,e14245.dscb.akamaiedge.net,0.85
e1875.g.akamaiedge.net,e12841.d.akamaiedge.net,0.83
e12370.g.akamaiedge.net,e12841.d.akamaiedge.net,0.83
e13136.d.akamaiedge.net,e11408.d.akamaiedge.net,0.83
e12370.g.akamaiedge.net,e6030.a.akamaiedge.net,0.83
csdms.colorado.edu,ems.colorado.edu,0.83
a1956.dscb.akamai.net,a1916.dscg2.akamai.net,0.86
e27504.dsca.akamaiedge.net,e11720.dsca.akamaiedge.net,0.85
a1887.dscq.akamai.net,a1911.dscq.akamai.net,0.86
e17513.dscd.akamaiedge.net,e27504.dsca.akamaiedge.net,0.85
e12370.g.akamaiedge.net,e10770.a.akamaiedge.net,0.87
e17513.dscd.akamaiedge.net,e751.dscx.akamaiedge.net,0.88
e1875.c.akamaiedge.net,e12841.d.akamaiedge.net,0.83
e802.g.akamaiedge.net,e584.g.akamaiedge.net,0.86
e87.dspg.akamaiedge.net,e1875.dscg.akamaiedge.net,0.88
a-ups-presence19-prod-azsc.eastus2.cloudapp.azure.com,a-ups-presence5-prod-azsc.centralus.cloudapp.azure.com,0.83
a1993.dscq.akamai.net,a1887.dscq.akamai.net,0.86
e1875.c.akamaiedge.net,e584.g.akamaiedge.net,0.82
e10414.g.akamaiedge.net,e584.g.akamaiedge.net,0.83
cs.colorado.edu,csdms.colorado.edu,0.83
e17513.dscd.akamaiedge.net,e1875.dscg.akamaiedge.net,0.85
a1956.dscb.akamai.net,a1993.dscq.akamai.net,0.86
cs.colorado.edu,ems.colorado.edu,0.88
e10856.b.akamaiedge.net,e118161.a.akamaiedge.net,0.83
e19274.x.akamaiedge.net,e12370.g.akamaiedge.net,0.83
e9659.dspg.akamaiedge.net,e7695.dscg.akamaiedge.net,0.84
a1916.dscg2.akamai.net,a1834.dscg2.akamai.net,0.86
e19274.x.akamaiedge.net,e10370.g.akamaiedge.net,0.83
e3365.x.akamaiedge.net,e1875.c.akamaiedge.net,0.82
e10770.a.akamaiedge.net,e7100.g.akamaiedge.net,0.83
blob.sn4prdstr28a.store.core.windows.net,blob.bnz10prdstr09a.store.core.windows.net,0.86
e87.dspg.akamaiedge.net,e9659.dspg.akamaiedge.net,0.84
a1988.b.akamai.net,a1918.z.akamai.net,0.89
e7876.dscg.akamaiedge.net,e17513.dscd.akamaiedge.net,0.81
edge-web.dual-gslb.spotify.com,edge-web-guc3.dual-gslb.spotify.com,0.86
e4350.dscd.akamaiedge.net,e751.dscx.akamaiedge.net,0.84
e751.dscx.akamaiedge.net,e7695.dscg.akamaiedge.net,0.84
trouter2-uswc-0-a.cloudapp.net,trouter2-usce-0-b.cloudapp.net,0.9
e4350.dscd.akamaiedge.net,e27504.dsca.akamaiedge.net,0.85
a1887.dscq.akamai.net,a1363.dscg.akamai.net,0.81
e116479.dscb.akamaiedge.net,e11076.dscf.akamaiedge.net,0.85
embed.sendtonews.com,timber.sendtonews.com,0.86
e1875.g.akamaiedge.net,e584.g.akamaiedge.net,0.86
e13678.dscb.akamaiedge.net,e1875.dscg.akamaiedge.net,0.85
e12930.dscj.akamaiedge.net,e11720.dsca.akamaiedge.net,0.85
a1956.dscb.akamai.net,a1911.dscq.akamai.net,0.86
e116479.dscb.akamaiedge.net,e13678.dscb.akamaiedge.net,0.89
a1916.dscg2.akamai.net,a1993.dscq.akamai.net,0.82
wus2-breeziest-in.cloudapp.net,wus203-breeziest-in.cloudapp.net,0.94
e13678.dscb.akamaiedge.net,e11076.dscf.akamaiedge.net,0.85
onedscolprdneu05.northeurope.cloudapp.azure.com,onedscolprdweu04.westeurope.cloudapp.azure.com,0.87
a297.dscc.akamai.net,a743.dscg.akamai.net,0.8
a297.dscc.akamai.net,a1992.dscd.akamai.net,0.81
e8329.x.akamaiedge.net,e6600.b.akamaiedge.net,0.77
ibg.colorado.edu,ntp-c.colorado.edu,0.72
e7614.g.akamaiedge.net,e8329.x.akamaiedge.net,0.77
e7614.g.akamaiedge.net,e4262.dscg.akamaiedge.net,0.72
a1815.dscr.akamai.net,a297.dscc.akamai.net,0.76
a1815.dscr.akamai.net,a1992.dscd.akamai.net,0.81
e7614.g.akamaiedge.net,e33907.a.akamaiedge.net,0.74
a1815.dscr.akamai.net,a743.dscg.akamai.net,0.76
e7614.g.akamaiedge.net,e7808.dscg.akamaiedge.net,0.76
a297.dscc.akamai.net,a1851.dscc.akamai.net,0.81
kludge.colorado.edu,ibg.colorado.edu,0.74
e33907.a.akamaiedge.net,e4628.b.akamaiedge.net,0.74
e13106.a.akamaiedge.net,e4113.dscd.akamaiedge.net,0.72
e125010.dscf.akamaiedge.net,e4113.dscd.akamaiedge.net,0.78
e8329.x.akamaiedge.net,e3925.dscx.akamaiedge.net,0.76
e8329.x.akamaiedge.net,e13106.a.akamaiedge.net,0.78
e3925.dscx.akamaiedge.net,e4113.dscd.akamaiedge.net,0.8
e33907.a.akamaiedge.net,e3925.dscx.akamaiedge.net,0.72
e8329.x.akamaiedge.net,e4628.b.akamaiedge.net,0.82
e125010.dscf.akamaiedge.net,e11271.dscg.akamaiedge.net,0.81
e7614.g.akamaiedge.net,e13136.g.akamaiedge.net,0.83
e125010.dscf.akamaiedge.net,e9959.dsce9.akamaiedge.net,0.74
e8329.x.akamaiedge.net,e13136.g.akamaiedge.net,0.78
e3925.dscx.akamaiedge.net,e11271.dscg.akamaiedge.net,0.81
a743.dscg.akamai.net,a1851.dscc.akamai.net,0.76
e3925.dscx.akamaiedge.net,e9959.dsce9.akamaiedge.net,0.81
a1815.dscr.akamai.net,a1851.dscc.akamai.net,0.86
e7614.g.akamaiedge.net,e13106.a.akamaiedge.net,0.78
e7808.dscg.akamaiedge.net,e4113.dscd.akamaiedge.net,0.8
e13106.a.akamaiedge.net,e4628.b.akamaiedge.net,0.74
e125010.dscf.akamaiedge.net,e3925.dscx.akamaiedge.net,0.78
e8329.x.akamaiedge.net,e33907.a.akamaiedge.net,0.78
e3925.dscx.akamaiedge.net,e4628.b.akamaiedge.net,0.72
e7808.dscg.akamaiedge.net,e11271.dscg.akamaiedge.net,0.81
a-tr-teamsc-uswe-03.westus.cloudapp.azure.com,a-tr-teamsc-usea2-03.eastus2.cloudapp.azure.com,0.87
e7808.dscg.akamaiedge.net,e9959.dsce9.akamaiedge.net,0.77
e33907.a.akamaiedge.net,e6600.b.akamaiedge.net,0.78
glims-web.apps.int.nsidc.org,awx.apps.int.nsidc.org,0.71
e673.dsce9.akamaiedge.net,e4113.dscd.akamaiedge.net,0.8
ns-918.awsdns-50.net,ns-542.awsdns-03.net,0.75
e7808.dscg.akamaiedge.net,e4628.b.akamaiedge.net,0.72
player.sendtonews.com,s2l.sendtonews.com,0.71
h2.shared.global.fastly.net,e.sni.global.fastly.net,0.74
e7808.dscg.akamaiedge.net,e3925.dscx.akamaiedge.net,0.8
e673.dsce9.akamaiedge.net,e11271.dscg.akamaiedge.net,0.77
e13136.g.akamaiedge.net,e4113.dscd.akamaiedge.net,0.72
e673.dsce9.akamaiedge.net,e9959.dsce9.akamaiedge.net,0.85
api-env.dropbox-dns.com,www-env.dropbox-dns.com,0.87
e13106.a.akamaiedge.net,e6600.b.akamaiedge.net,0.78
a1830.dscg2.akamai.net,a1851.dscc.akamai.net,0.82
e7614.g.akamaiedge.net,e6600.b.akamaiedge.net,0.82
e13136.g.akamaiedge.net,e11271.dscg.akamaiedge.net,0.73
e33907.a.akamaiedge.net,e13106.a.akamaiedge.net,0.87
dns.umea.se,ns3.umea.se,0.82
onedscolprdcus04.centralus.cloudapp.azure.com,pexsucpna03.centralus.cloudapp.azure.com,0.73
e7808.dscg.akamaiedge.net,e673.dsce9.akamaiedge.net,0.76
e7808.dscg.akamaiedge.net,e6600.b.akamaiedge.net,0.72
e13136.g.akamaiedge.net,e4628.b.akamaiedge.net,0.74
e33907.a.akamaiedge.net,e13136.g.akamaiedge.net,0.78
e673.dsce9.akamaiedge.net,e3925.dscx.akamaiedge.net,0.76
fa00bc7e-2da3-42ed-8c08-a2a1e55d8dce.organizations.api.brightspace.com,fa00bc7e-2da3-42ed-8c08-a2a1e55d8dce.activities.api.brightspace.com,0.87
e4262.dscg.akamaiedge.net,e673.dsce9.akamaiedge.net,0.76
a1830.dscg2.akamai.net,a743.dscg.akamai.net,0.82
e11271.dscg.akamaiedge.net,e4113.dscd.akamaiedge.net,0.81
a1830.dscg2.akamai.net,a1992.dscd.akamai.net,0.77
a1830.dscg2.akamai.net,a297.dscc.akamai.net,0.73
rr4.sn-uhvcpax0n5-jaus.googlevideo.com,rr4---sn-uhvcpax0n5-jaus.googlevideo.com,0.92
us01-logfiles-va.zoom.us,us04-logfiles-va-4.zoom.us,0.88
e125010.dscf.akamaiedge.net,e4262.dscg.akamaiedge.net,0.78
a1830.dscg2.akamai.net,a1815.dscr.akamai.net,0.82
e7614.g.akamaiedge.net,e4628.b.akamaiedge.net,0.82
ns-918.awsdns-50.net,ns-863.awsdns-43.net,0.75
e4628.b.akamaiedge.net,e4113.dscd.akamaiedge.net,0.72
e13136.g.akamaiedge.net,e6600.b.akamaiedge.net,0.74
e4262.dscg.akamaiedge.net,e3925.dscx.akamaiedge.net,0.8
e6600.b.akamaiedge.net,e4628.b.akamaiedge.net,0.86
e4262.dscg.akamaiedge.net,e4628.b.akamaiedge.net,0.76
a1992.dscd.akamai.net,a743.dscg.akamai.net,0.76
ns-1687.awsdns-18.co.uk,ns-2027.awsdns-61.co.uk,0.78
e9959.dsce9.akamaiedge.net,e11271.dscg.akamaiedge.net,0.73
e125010.dscf.akamaiedge.net,e7808.dscg.akamaiedge.net,0.78
e4262.dscg.akamaiedge.net,e9959.dsce9.akamaiedge.net,0.77
e4262.dscg.akamaiedge.net,e11271.dscg.akamaiedge.net,0.85
ns-863.awsdns-43.net,ns-542.awsdns-03.net,0.8
e7808.dscg.akamaiedge.net,e4262.dscg.akamaiedge.net,0.84
a1992.dscd.akamai.net,a1794.g.akamai.net,0.71
e13136.g.akamaiedge.net,e13106.a.akamaiedge.net,0.91
e9959.dsce9.akamaiedge.net,e4113.dscd.akamaiedge.net,0.77
e4262.dscg.akamaiedge.net,e4113.dscd.akamaiedge.net,0.84
e7614.g.akamaiedge.net,e4113.dscd.akamaiedge.net,0.72
a1992.dscd.akamai.net,a1851.dscc.akamai.net,0.81
